map50    : 0.8356977701187134
map50-95 : 0.5326208472251892
recall   : 0.6359201669692993